2146 24
2266 25
2186 22
2140 22
2233 22
1498 14
2263 11
2676 8
2121 14
492 19
2679 9
1174 25
3 10
1927 9
287 24
1472 22
644 21
23 47
553 22
1469 24
1269 22
2234 36
2171 35
1208 23
1108 37
2312 38
1811 40
1060 42
2166 17
2870 33
2232 40
2245 37
2396 31
1388 36
3119 26
3121 27
2243 38
2215 27
3123 34
2834 41
2827 32
2651 12
2824 7
2669 14
2642 33
2874 13
2859 15
2645 37
2882 24
2623 45
2832 25
2818 22
1554 22
1556 16
1729 17
3016 14
2816 16
2576 14
2575 14
2572 15
2814 15
3122 16
1553 24
2566 16
2571 15
1555 13
2569 15
1921 19
2844 35
2609 6
2881 23
2833 23
2209 9
2207 11
2206 7
2222 22
3742 5
2145 24
2183 5
1961 28
1823 12
2264 32
3241 4
2247 30
2115 28
3247 3
2196 45
2187 14
2445 94
2134 31
2754 15
2501 66
2511 62
2149 47
2259 24
2338 20
2141 9
24 55
25 42
26 48
27 31
29 24
28 61
30 50
2246 29
2223 39
2822 46
2130 7
2700 21
2157 17
2760 3
2759 16
2856 4
3077 25
2831 18
3043 21
1225 10
2771 6
1224 12
1538 12
2747 8
1226 12
1365 10
281 27
2643 23
2626 24
2769 25
2644 25
2699 16
2650 15
2875 11
2603 13
2899 14
3802 12
2826 18
2743 34
2579 24
2578 16
2647 6
2800 9
2767 21
2574 23
2646 7
2838 21
2587 6
2586 22
2624 41
2776 12
2885 45
2860 26
2854 29
2670 19
2861 30
2868 18
2879 32
2935 30
2880 26
3058 30
2570 27
3042 30
3333 7
3337 5
3612 4
3296 8
3018 13
3041 58
291 75
3040 57
3076 65
3021 12
3020 7
3019 4
417 22
1229 21
913 17
1093 28
1151 14
932 21
1152 26
2533 6
988 13
1107 13
1011 22
278 25
313 53
31 38
245 25
1735 37
1734 42
32 34
1248 23
1827 17
1355 22
1202 16
1260 23
1059 10
289 4
982 24
33 15
35 19
34 31
36 27
1004 50
916 40
1089 10
1 16
39 21
2170 21
905 24
1573 28
280 22
41 12
42 10
37 9
312 17
1074 35
220 5
311 19
294 16
272 7
1003 28
38 26
43 27
40 24
45 28
46 26
44 24
293 14
273 16
1782 32
1784 29
265 86
1043 11
1050 46
1049 30
1292 72
1148 131
3703 22
3219 18
3227 4
3220 9
1595 6
3211 21
3224 5
3140 7
3230 7
3160 20
3232 8
1594 7
1203 33
2241 20
442 12
485 8
1384 17
2242 10
3551 16
981 4
915 12
3015 39
947 13
1045 29
3463 31
3762 31
3704 30
3707 33
3468 31
3466 33
1546 68
963 50
1389 65
49 17
3440 62
1733 16
1046 24
1701 20
1832 15
2231 24
2181 26
2100 21
2099 21
1728 24
3069 20
2091 17
1387 26
1558 13
3809 4
3803 12
47 3
2014 46
1587 49
1047 30
1584 27
3804 4
1499 41
1231 7
3807 41
290 34
1563 31
1222 42
3091 24
2073 30
2092 25
2025 30
1495 27
691 4
1058 5
2 5
288 16
48 20
3327 16
3318 13
3319 9
3329 14
3278 13
3404 10
3279 10
3320 13
3280 9
3410 14
3330 8
3321 12
3283 11
3414 12
3324 13
3416 12
1536 3
221 67
2059 37
972 4
50 5
495 3
51 64
490 62
2106 9
52 59
643 37
1545 3
552 70
488 56
3141 2
2088 2
2080 2
1496 3
1453 23
303 65
400 73
53 53
2027 68
1291 57
2857 3
2081 4
2182 4
54 45
276 93
55 41
279 17
412 50
414 23
56 12
1339 15
57 16
332 11
1090 4
3044 6
397 13
1565 23
1470 15
3439 8
60 33
216 117
410 62
59 104
58 67
61 90
292 75
2477 34
2487 44
2349 11
2371 51
2507 34
2476 26
2411 36
2346 2
2384 47
2475 37
2472 23
2471 30
2481 35
2340 7
2469 28
2368 26
2385 35
2350 50
2478 31
586 17
585 55
270 3
444 2
1212 88
267 22
2518 78
2678 70
889 48
1677 83
2514 35
2674 31
692 8
3770 5
3777 11
3772 11
3769 4
3776 4
3774 6
3771 11
3768 4
3778 3
1454 3
62 34
2559 12
631 15
1227 5
3469 31
2425 37
2604 29
2424 36
2436 39
2503 27
2423 35
2435 31
2433 28
3598 3
2649 26
327 44
939 35
538 20
2095 10
432 15
2486 48
680 8
2900 31
2848 12
2509 34
2422 35
2440 9
2437 17
2463 18
2421 7
2461 20
2517 33
2835 64
2508 21
816 20
587 27
667 35
815 21
1500 56
630 28
413 42
1504 20
1287 44
1422 53
1304 31
1366 53
1839 114
906 16
890 16
875 2
931 5
874 4
861 38
892 14
862 3
850 60
3341 32
3169 12
2282 30
2316 37
2314 37
2313 27
2327 33
2306 27
2294 1
2483 43
2300 26
2325 40
2310 37
2324 31
2305 30
2341 9
2304 41
2322 27
2321 38
2303 30
2302 40
2301 48
3193 42
3151 41
2704 22
1766 12
987 7
1012 2
1019 12
1284 33
2179 14
2178 39
2410 35
3748 21
2347 35
2862 27
2337 9
2365 36
829 42
2470 39
2335 28
2493 28
694 20
576 23
742 33
1303 18
2419 20
655 10
654 21
2328 32
616 21
597 17
2071 25
693 25
1521 26
1258 26
2342 20
2332 22
1228 23
599 30
2330 27
1249 15
2418 37
1247 20
1259 18
3467 31
3464 20
274 26
1323 15
1386 32
1205 25
1116 6
367 25
418 16
1170 18
1586 35
1519 25
357 21
63 21
1529 18
1150 9
1211 24
1268 42
1544 19
1543 20
1585 39
1313 29
1282 23
64 57
1408 11
1552 49
65 53
1281 36
66 45
67 40
1077 49
405 59
1223 42
1430 31
980 48
2863 9
2830 14
2828 14
2852 14
2849 8
1221 10
1130 10
369 8
904 29
296 21
68 51
69 25
1916 17
1913 21
1929 22
1915 20
1924 18
1847 24
1846 22
2224 23
2238 23
1382 20
2221 27
2220 17
2219 20
1819 28
1446 16
1912 24
2218 26
1780 24
1779 26
1845 20
2334 18
2237 24
1505 23
2216 15
2229 6
2236 21
2228 21
2227 22
2226 23
2214 26
2213 21
1481 21
2212 23
2103 22
2235 23
2225 21
1730 23
366 37
1209 20
419 8
339 22
1201 21
1622 8
368 20
3454 19
3386 13
1918 15
3758 28
3166 7
3194 24
3168 55
3142 35
940 23
330 60
268 365
1451 96
370 27
2089 37
1550 36
1830 26
1279 18
1547 30
1061 6
2367 23
2366 25
1117 9
840 37
1092 26
1322 9
271 6
1356 5
1357 2
275 30
217 2
882 2
1230 12
1415 27
827 2
1149 6
1091 2
70 2
1125 4
71 25
1479 35
598 18
3317 20
1592 3
2593 26
2588 25
2625 25
1693 33
2184 40
2319 48
2318 61
2293 6
2269 47
2267 20
2258 40
753 6
762 6
733 6
2199 21
2772 10
903 15
2200 31
2782 10
979 31
2543 17
2551 12
2550 30
2549 1
2548 10
2547 2
2546 27
2544 8
2777 74
1534 8
2851 22
1574 28
2028 11
1530 13
828 29
72 26
1036 19
2684 12
3238 16
3239 21
3240 22
703 28
826 18
1280 40
73 7
704 6
3708 1
830 26
891 24
75 46
771 50
76 39
1414 56
77 25
3801 5
1354 71
1206 84
1048 48
1171 71
1187 63
1314 33
2540 23
510 29
3700 48
2992 16
1786 58
642 122
1525 18
1540 9
1532 4
511 19
3090 31
309 136
1523 82
407 34
80 30
78 38
81 41
79 40
82 12
244 15
83 33
2270 19
712 35
2265 35
713 32
893 15
894 17
1676 17
2528 19
2768 28
2061 14
629 22
2101 14
1777 16
2502 11
1579 21
1577 20
1582 20
1591 7
1580 19
1576 21
2500 24
1785 17
1603 5
1578 38
1702 22
2262 36
1709 29
1775 38
1826 34
2105 41
420 36
524 38
1910 42
1843 21
1835 36
2257 36
2249 43
1739 33
1809 50
1765 35
3438 36
421 31
2273 27
2271 24
2250 21
2866 18
1920 40
2867 9
2102 11
1844 18
1825 21
2090 21
2308 63
1824 23
2195 34
2018 27
2079 16
2096 19
2865 44
2989 32
2988 37
2990 38
3045 39
2991 34
3017 17
3079 17
3074 15
423 40
1522 36
2668 10
1588 28
2315 36
2192 25
1593 12
2204 10
2217 28
2883 52
436 35
1467 16
277 22
1533 8
1551 17
2443 26
2751 10
2685 27
2836 3
2420 12
731 57
2323 17
2348 22
2336 35
2326 42
2320 26
2498 32
2853 18
2345 56
2494 85
2344 32
2492 13
2333 27
2667 30
2386 24
358 17
2331 26
3343 28
3757 34
3347 31
1932 12
1828 24
1776 27
1781 14
1808 32
1842 25
1708 25
1909 12
1831 17
398 13
2261 12
2087 37
2450 11
2447 33
2457 14
2480 31
2479 24
2871 13
2428 17
3057 14
2434 20
2462 20
2741 25
484 25
509 30
2825 5
1220 21
427 47
2465 16
679 34
431 4
914 50
2877 30
2505 38
2482 39
724 31
902 52
411 11
695 27
3078 5
3070 23
359 30
2608 51
2581 36
2850 45
2648 48
2812 55
2661 14
2474 37
2485 33
2484 42
2506 9
2878 54
2841 37
2936 61
2538 36
2513 54
2662 5
2858 37
2488 51
2468 40
3374 35
3344 32
3462 33
1502 43
681 35
3037 29
362 30
437 34
363 33
439 41
299 44
1294 29
84 49
88 25
425 31
2180 34
3167 11
565 49
85 10
443 30
86 34
401 27
1674 20
87 28
1526 38
1367 45
2584 33
2260 37
89 40
3340 5
1732 12
1204 25
1441 26
1590 25
329 10
1188 6
1207 31
1431 24
1421 21
90 20
91 68
2197 1
266 239
426 27
429 28
295 12
328 6
406 129
92 365
428 53
434 47
1478 84
493 80
399 21
1787 47
1283 39
94 48
364 43
1930 12
1370 14
1381 35
93 37
2429 28
2256 21
2255 17
2254 21
2253 23
2252 23
2240 27
2239 31
95 46
96 37
1840 40
1838 44
1911 18
2343 52
1398 62
1841 23
2339 20
1836 19
3465 41
430 23
433 6
3437 16
3761 10
404 17
98 26
1837 13
97 23
99 9
1539 9
100 13
101 27
103 24
102 6
1778 12
1476 36
1740 13
1705 15
104 34
1482 13
1173 11
656 39
298 18
1475 14
1542 34
1471 60
3378 22
3429 5
3430 19
3398 20
3446 79
3431 17
2268 34
3453 33
3613 22
3433 15
3434 3
3435 96
3608 24
2813 32
3436 4
1914 21
3763 21
3417 31
3397 28
3071 18
297 27
3751 20
3550 17
3067 24
3068 23
1501 27
2093 30
1931 24
3756 59
3408 2
486 26
3354 18
3355 18
3760 30
2098 31
3389 23
2022 12
3060 16
3718 25
3701 24
3754 15
2010 14
105 34
438 27
3750 41
3350 30
3752 26
3460 46
3759 16
3459 39
2299 15
2329 26
1737 24
336 20
2829 48
2272 45
2317 25
2097 15
1399 58
435 26
2311 13
2189 44
2872 23
331 14
2009 35
2251 39
2020 16
2008 23
1704 4
1703 5
2869 7
1923 9
1699 5
1698 14
